1 0 90 E1
2 0 67 E2
3 -60 67 E3
4 -120 67 E4
5 -180 67 E5
6 120 67 E6
7 60 67 E7
8 -16 44 E8
9 -49 44 E9
10 -82 44 E10
11 -115 44 E11
12 -147 44 E12
13 -180 44 E13
14 147 44 E14
15 115 44 E15
16 82 44 E16
17 49 44 E17
18 16 44 E18
19 -14 21 E19
20 -41 21 E20
21 -69 21 E21
22 -97 21 E22
23 -125 21 E23
24 -152 21 E24
25 -180 21 E25
26 152 21 E26
27 125 21 E27
28 97 21 E28
29 69 21 E29
30 41 21 E30
31 14 21 E31
32 0 -2 E32
33 -28 -2 E33
34 -56 -2 E34
35 -84 -2 E35
36 -111 -2 E36
37 -139 -2 E37
38 -166 -2 E38
39 166 -2 E39
40 139 -2 E40
41 111 -2 E41
42 84 -2 E42
43 56 -2 E43
44 28 -2 E44
45 -55 -25 E45
46 -80 -25 E46
47 -105 -25 E47
48 -130 -25 E48
49 -155 -25 E49
50 -180 -25 E50
51 155 -25 E51
52 130 -25 E52
53 105 -25 E53
54 80 -25 E54
55 55 -25 E55
56 -67 -48 E56
57 -105 -48 E57
58 -130 -48 E58
59 -155 -48 E59
60 -180 -48 E60
61 155 -48 E61
62 130 -48 E62
63 105 -48 E63
64 67 -48 E64
